0000000000000000000000000000000000001000
0000000000000000000000000000000000010000
0000000000000000000000000000000000011000
0000000000000000000000000000000000100000
0000000000000000000000000000000000000000
0000000000000000000000000000000000000001
0000000000000000000000000000111111111100
0000000000000000000000000000000000000001
0000000100000000000100000101000000000010
0000010100000000001100000101000000000100
0001010100000000000000010101000000000000
0010000100000000010100100010000000000000
0000000100000000011000010011000000010010
0001001000000001000100000001000000000111
0000111100000001010100000101000000001000
0010000100000000011100100010000000000000
0000000100000000001000000110000000000101
0010001100000000000000100001000000000010
0000000100000000011000000101000000001000
0010000100000000011000001101000000001101
0000000100000000000100000101000000000010
0000010100000000001100000101000000000100
0000000100000000001000000110000000000101
0010001100000000000000100001000000000010
0001010100000000000000010101000000000000
0010010000000000000000100001000000000101
0000000000000000000000000000000000000000
