00111100000000010001000000000001
00110100001001000000000000000000
00111100000000010001000000000001
00110100001001010000000000010000
10001100100010000000000000000000
10001100100010010000000000000100
10001100100010100000000000001000
10001100100010110000000000001100
10001100101011000000000000000000
10001100101011010000000000000100
10001100101011100000000000001000
10001100101011110000000000001100
01110001000011001000000000000010
01110001001011101000100000000010
00000010001100001000000000100000
01110001000011011001000000000010
01110001001011111001100000000010
00000010011100101001000000100000
01110001010011001010000000000010
01110001011011101010100000000010
00000010101101001010000000100000
01110001010011011011000000000010
01110001011011111011100000000010
00000010111101101011000000100000
00111100000000010001000000000001
10101100001100000000000000100000
00111100000000010001000000000001
10101100001100100000000000100100
00111100000000010001000000000001
10101100001101000000000000101000
00111100000000010001000000000001
10101100001101100000000000101100
00100100000000100000000000001010
00000000000000000000000000001100
